8
97
2
2
3
4
7
11
13
13
15
15
16
17
18
19
19
19
20
20
20
21
22
23
23
24
26
28
28
28
29
29
29
29
30
30
31
33
34
35
36
38
39
39
39
40
44
44
45
45
46
47
48
49
49
50
50
51
52
56
57
59
60
60
65
65
65
68
70
73
74
75
76
76
76
77
78
78
81
82
82
82
82
83
84
85
86
89
89
90
90
90
90
94
95
97
100
100
100
43
6
6
8
9
17
18
24
26
27
33
37
38
41
42
45
46
47
54
55
56
58
61
62
65
65
67
69
71
73
74
75
75
77
78
80
81
84
84
87
91
92
98
99
97
1
2
2
3
6
9
9
10
10
11
12
15
16
16
16
17
19
19
20
22
22
23
24
24
26
26
29
29
33
34
34
36
37
37
38
39
39
41
41
41
42
43
43
44
44
45
46
46
47
48
49
49
51
52
52
53
54
56
56
59
59
61
62
64
67
68
69
70
70
71
73
75
76
77
78
81
81
82
83
83
85
85
87
87
87
89
90
91
92
92
93
94
99
99
100
100
100
80
2
3
4
4
4
4
5
5
10
10
11
14
15
20
24
26
27
28
28
28
29
30
30
31
31
32
32
34
37
37
38
42
42
44
46
49
50
51
54
54
54
55
56
58
58
61
61
61
61
63
67
67
67
68
69
69
70
71
76
76
76
76
77
78
81
82
84
87
88
93
93
94
95
95
95
95
96
97
99
100
65
2
2
3
4
6
9
9
11
14
16
18
25
28
29
29
32
33
33
34
35
35
38
41
41
42
44
45
45
45
48
49
49
52
53
53
53
56
56
58
58
60
60
61
62
64
65
66
67
70
72
77
78
78
78
85
85
85
88
90
92
93
94
96
98
100
89
1
1
2
3
3
5
5
7
7
11
11
12
12
14
16
16
17
17
21
21
22
22
23
24
25
26
27
28
30
33
35
36
38
42
44
45
45
46
46
47
49
50
51
52
53
54
54
56
60
64
65
66
66
67
69
69
70
71
71
72
73
74
75
76
77
78
78
78
79
80
81
81
82
84
86
87
89
90
92
92
93
94
94
94
95
96
97
97
100
9
1
9
18
34
35
38
39
93
94
56
3
5
9
9
11
14
14
14
14
17
18
19
20
26
30
33
34
38
41
42
42
42
43
49
49
50
51
52
52
54
54
55
57
59
60
68
68
69
69
73
74
75
75
76
76
83
84
85
85
86
88
89
89
93
100
100
34
5
9
14
16
18
20
23
25
25
29
29
30
32
36
40
42
44
48
52
59
60
60
62
67
70
73
73
74
82
84
88
90
93
95
8
7
19
21
49
66
67
79
79
81
1
2
2
3
3
4
6
7
9
9
11
15
16
17
18
18
19
19
21
22
25
27
28
29
29
30
35
40
40
42
43
44
46
48
49
49
49
50
50
55
59
60
62
62
63
63
63
65
65
66
67
67
67
70
70
71
72
72
74
75
75
75
78
79
80
80
80
82
82
84
86
88
88
89
90
90
91
91
93
93
94
49
2
3
4
8
8
9
14
14
14
14
15
15
19
21
24
29
36
37
37
38
44
46
49
51
53
54
55
56
57
57
57
58
58
62
63
65
65
69
69
74
85
86
86
87
88
89
90
91
93
62
1
3
4
8
9
13
16
16
16
16
17
17
21
24
26
27
30
31
33
34
35
35
37
37
40
40
40
42
42
43
48
52
52
55
56
58
59
59
59
62
62
67
68
70
70
70
71
72
72
73
75
80
83
84
84
87
88
89
92
93
96
99
30
2
7
8
8
11
16
17
22
24
24
25
26
27
28
37
39
41
47
49
52
55
56
65
69
72
76
78
83
85
97
79
2
3
3
4
6
6
7
7
7
9
10
10
11
12
12
15
16
17
17
18
19
20
20
20
21
22
23
26
27
28
36
37
37
39
40
40
41
42
43
43
44
44
44
45
47
48
48
51
53
53
54
54
58
60
62
66
67
68
68
69
76
80
82
82
83
83
83
84
84
86
86
89
90
90
96
98
98
100
100
12
12
21
30
42
47
59
62
67
69
73
76
78
